127
48
94
89
127
48
94
89
127
48
94
88
127
48
94
89
127
48
94
88
127
48
94
89
127
48
94
89
127
48
94
89
127
48
94
89
127
48
94
89
127
48
94
88
127
48
94
88
127
48
94
88
127
48
94
89
127
48
94
89
127
48
94
89
127
48
94
89
127
48
94
89
127
48
94
89
127
48
94
88
127
48
94
88
127
48
94
88
116
48
94
88
84
48
94
88
61
48
94
88
61
48
94
88
61
48
94
88
61
48
94
88
61
48
94
88
61
48
94
88
61
48
94
88
61
48
94
88
61
47
94
89
61
47
94
89
61
47
94
88
61
48
94
87
61
49
94
86
61
49
94
85
61
52
94
82
61
53
94
81
61
53
94
81
61
54
94
77
61
56
94
74
61
57
94
73
61
60
94
68
61
61
94
64
61
62
94
63
61
65
94
61
61
67
94
63
61
67
94
63
61
67
96
63
61
67
103
63
61
67
91
63
61
67
76
63
61
67
75
63
61
67
75
63
61
67
75
63
61
67
76
63
61
67
59
63
61
67
35
63
61
67
35
63
61
67
15
63
61
67
0
63
63
67
35
63
111
67
45
63
127
67
73
63
127
67
73
63
127
67
73
63
127
67
73
63
