111
67
92
63
111
67
92
63
111
65
92
63
111
64
92
63
111
62
92
63
111
61
92
68
111
59
92
75
111
58
92
75
111
60
92
84
111
60
92
84
111
62
92
87
111
67
92
88
111
73
92
90
111
86
92
92
111
88
92
88
111
88
92
88
111
89
92
85
111
90
92
81
111
92
92
76
111
92
92
75
111
92
92
70
111
77
92
51
111
76
92
51
111
58
92
56
111
56
92
60
111
53
92
67
111
50
92
81
111
49
92
88
111
71
92
86
111
76
92
83
111
76
92
84
75
77
92
89
61
72
92
76
61
67
92
66
207
67
92
66
