60
67
57
65
60
67
120
65
60
67
106
65
60
67
55
65
95
67
59
65
112
49
60
61
112
47
61
61
112
114
61
59
112
124
63
46
112
124
33
46
112
124
27
46
112
123
25
46
112
123
56
46
112
123
84
46
112
123
97
46
112
123
97
46
112
123
112
46
112
123
117
46
112
122
60
46
112
121
18
46
112
121
32
46
112
121
37
46
112
121
86
46
112
121
91
46
112
123
91
46
112
125
91
45
112
125
91
45
112
121
91
43
112
120
91
42
112
121
91
42
112
121
91
42
112
120
91
42
112
112
87
42
112
112
87
42
112
112
81
42
112
113
49
42
112
115
49
42
112
115
49
42
112
114
49
42
